$ANSIBLE_VAULT;1.2;AES256;prod
33363334323763323965343731643263386266363536656337326335316162353162643838323338
6234663635336131333730356534376538303238336462660a316135343934393062393732356631
35346561636663626331346637363534653230363731303834663133366332383832663730396538
3865643864313862650a323733343963323635623638646339316563373564623432306465366134
39653864316334656638323534363033336338393634313733383931633731343138323930643739
31643130663631636666326564363638616538306230623164613062633833643635373163643735
32386362616533656165633466623261613434336435613364393833376666363463646161626433
35643332363831366364656238316135643561303364336365623863663865663661343566396436
38306232346331646638383839326165366161343464643430643662336438393733643961303666
38303737643930356433343963363761386666626130666663383136653834316230393730333432
36363366613639393035396665346362396639306466353833386432313966313837303934613330
38633061663333313863326632663235346338316336633762623339666237323861626161633339
36366635346437663034306562363134386136353334393536666433393935353065373363663665
30366538363363306162616462663431646133353937623163653030626361313638613538386364
36653838363339316637306638383634633963376265343330343239343263666366396236336261
64656437326333306135326134356637663863353163643730336161356235623266636332393265
33393963306232666634303438353065313533626236303436393430303266666336653762656230
39343063323531343364383837333463323538376531326139663238363064393534333737653335
39326134303866313064363164333834396562663062633638323631316632333263346461393332
63303561326632613063343562323831646433643133313630306661383830326535626363343638
36343362306364303364393439353536316263336437373035623234366538633638636232633166
32653264353366653963353533336330666331346465346131623364343737323638303035393233
61666563643430646135373164393264633635316265373766303432303464316561306364636562
63653561616463343938313038383463323935363761643331653936313236663433346137303463
61356436343939313234313564343263303264626231326135343363653334383532663138376639
30323833356130363961636132626530303737623737623138626435326363373639363237643664
39663438323734616461373662636433663462326333316562313638613131386365323733666664
30623863366333363232343630653531393661663266633837646338386562636432656662376136
36306636383238336132636434356635653537363035326363396531633233623834633863313636
61346265376535363063656230663966666334353630373634343335383138323766326136666234
39623335613634353132386662613131613365343661373162383664643035633832383764323631
32376535393737653737613538663031356165333531613833383035643161343637633562656530
62383030303838656564653336333434663439613263653837343863333835306361353063623138
6533363061616131336235626563363466396233643262353039
