$ANSIBLE_VAULT;1.2;AES256;prod
35623066656361303231626465353565323837326362663032333731613037613432383566646632
3965313139376131303230366262633338326138333234630a303062646662373937623861323134
36646538343239366166353163366563623832336634623764643036376138376364373135336430
6563326531666638630a306236333739616266626132613166313362393637353132383636393836
30393438666561343433643236663931353834626561663839633431356532633730373631333532
62333162393234393763323963373261646332386666353966393039666365363862616237363532
65386436363963303632336430653630656233333436666136343137336462343766366437636531
30623466613134646134393865643334656665613930313763646135323035643936376361326432
33646434393033373836656264336166393862323562653939363338353337323438646332383666
37316634633261323037383235343836643330333765333762303731663037346236616466303336
65343533313962383365346363316665356334313164386132376639343363643235656339383737
35333534663366663736386132646234623339616663366433393965363061326565383566636233
63396135343937396433333766346166633263316636366339383436336565326161636230393336
66643133663437393763383064313336666632646531336436643135373563343763623737383032
36386535626431636666383238623761613866396561326366373662393533393130373130636439
31353339323563323638383639636562636533303332613836383335323363313638633466336537
35343034316663666532346466636265363337383165393230303064353361303866
