$ANSIBLE_VAULT;1.2;AES256;prod
36366338616365636561626432306666636565626131343236643134313366333662366463626664
6463613266323036343366343534643139323166613032610a363265326365616336323163666264
35363032383934356666356238393362343361383939336531383461636464373437643461353161
6635646561646437650a363636623765643834616233616662353233336137383635326262653634
63366162643030646431353233616137313031626366643163666434343338333932393631613538
33653034306234333132396538626166663362376465373237346562323636646631626130333762
35363732303337363232366562326436656335613431616139363732343130396139316333333737
35393433386436333834653134663031383338616530343233613935363862636461333531306332
36303335303138336563623062316635303561356531643936303731646234373434396165333336
35656365356334623537343265383761366231353831323532343531623233666632623133393233
39336632386233636431336561356337616364383665393530643237333333356162666537376332
34353432646439353635333261393333346237316165663635373466383864343666313165636161
39363739323561383436376362363131386332343063633062653664386366626365303361616161
30313333646366396333386262383934303732633731613463323966323966363838393730316535
65613663613130323665636130376165643965663164663534623538663532396263313439633965
38616438306533666137353736656564626461313362333439386334323933616337646436666265
35323335636137663136313730343532363938646237653861356463656466343663
