$ANSIBLE_VAULT;1.2;AES256;prod
31626266623833373436646562356163353862623638383837303733333137633330663562663838
6332636239633435303366313463396239363634343336300a643932653132313561346533306666
35366330396331653231303961666634386438356464373936656637316335636536386331636632
6566653939343330330a363832633865666438386162326166303433383464303064316264656666
62613539346335326137653630366635316665323730373035386464366163653036366235343261
39626239316632383164383935616164613538663634393166313861376335653362616564326635
31326233613566376161623930393934356338393864613534333061363833653638623865646433
63636236363631343639373664653234323038346236363838653832656337653038613763333262
66656364643332333366653737633332653633653766343137353737386236323038616230346633
65373366653430656134333239343934323665643039323864663933616538643665313664353435
62653866396162363437633831643061363338373438323464376161373465613930373639663732
30316263626433366563363537343864613663643731373039343362613937343963323031643135
3534
