$ANSIBLE_VAULT;1.2;AES256;prod
66386561303030616663613932376236616335323431663032616663616334383331383030363639
6635336432616364376231633433633866333838316333340a626563383336356166333766373231
62313131303963386630366265323132616364383538313532616233643161353339363930303263
3137316332623731620a663737396234313031373366353230383264303334386565616464663662
64333061363435313938646235363939326337353135636236663466613537376263363035663964
65666132613237643761356631323637326239396633316139356331343365303264393466343066
31623134343539646537636261376333623939333363366239616239373533333930366662306166
31646135623939333763623664316466393532303031326265643636393238643638656166623365
34623537656562316530653730313032383162323966356230393730333136636337376666383839
63633730353566656533366166313365653362306132336665613037356663643030633730383633
62643038626334316337316538323161353931336563323730363065343832316566346635313839
37316139633531633934336162386366366661313230373031396636353664303262643761626531
63353239623938396266383665633539633135376662636465623132646137663233313465633237
39633839356662666361366237316561633866313031323431616439653866626532663366363365
35323061366261656131663331343536613762616461326634326463306634326433316332353864
36346139373439313434383130396632346333643431386565616262653735353366636461643331
30653363363532633738643938363663393266613762356362356436383638376439303939386137
30356136393832653832386536323063383331623338613961653865623336633035643630343764
33366538323266323935663332313638313865346432653063663132383763316237663230393130
64663736656638363536653661623637323266653361613739333037313335383965303036313361
38303264353339396437303035633034643564363335333234346632616264313931663464383161
32323065316162633165623735373337343233373034363732663231623066623861616361323637
63396339346433616631396161343262316333646663363130613662623661646138366436623463
34333361363464616532393866346439366239356135646536353530373930666336633865623237
65373065393838323662383933366666623636393232323833613536663464373863313863393335
64396262333533303531383634616634636132323630623934346464316332323466316461366538
34346362306230396262336639336534346331393534616235313638393766326236356637343438
33316536333233336165636263376162383266353261333361333433336133303032626365663436
33336364636362346130346434623435376230613465386633616234303063316534383462656134
32336164336161383036613565636430363432376665383731393765333139663562643934646136
33316639303961656363663538386563656136313463616261653762376439363636353331323232
66636361313264396137663134623665626237656230393237336238356336343166393634306534
31636230336566303930653231323235653730376437613939613765336231353937343732333338
32356534386236653735653564316135666439303239646165346132646264653939626363333564
62613039316635393861333565633730663931336561386133346431643566663935613739353931
37346230373364613665666237363434666164663134376530356335376438616439343134626537
64323135663834343562303630313339303833363135313936346237393637303238393135303461
38633361613439623830303434633964383135616334623265353030623665373131376431623434
30306132373066623934636636333630636666636635366335306564373638373763383866346366
61306634666635343563343139613264653562633137346631306139316238656461363433333033
35343038653062653631663662326334633337343361316363336462346130316535613162623434
36383864386632343565633330323531643761363331633234663836393137356437613164613566
36396335366564333963633936623363656366396436653162613030666634356665356135363662
33343036666137373763623338656337343566343065633334316133616437323261396534393266
64323531636331316431346133643834353163636236363564316661623335373366366664316334
66313165653139663462626635376264343432323531346230636263653431323331346230313066
35313666626165666130646237353931633362353335343335383436653061386665373262356365
39396239613764666537306232393430623635636130383564633132633336613332343766386262
61336336353539656633323133373033353363303661643432646163316637383838646434396635
31366637643831353238313363663361316565373366636336636364316234626234316165663961
37323230636435346631386532393536373563333435323532656365613630613263363931383436
34386664613037623736
